0.238433  0.894946  -0.971159 105
0.158039  0.811724  -0.987433 215
0.098017  1.000000  -0.995185 2
0.195090  1.000000  -0.980785 3
0.238433  0.894946  -0.971159 105


0.158039  0.811724  -0.987433 215
0.000000  0.750000  -1.000000 80
0.000000  1.000000  -1.000000 1
0.098017  1.000000  -0.995185 2
0.158039  0.811724  -0.987433 215


0.158039  0.811724  -0.987433 215
0.199428  0.563473  -0.979913 107
0.000000  0.500000  -1.000000 79
0.000000  0.750000  -1.000000 80
0.158039  0.811724  -0.987433 215


0.238433  0.894946  -0.971159 105
0.195090  1.000000  -0.980785 3
0.290285  1.000000  -0.956940 4
0.354004  0.846312  -0.935244 219
0.238433  0.894946  -0.971159 105


0.320944  0.699374  -0.947098 106
0.474392  0.663542  -0.880314 90
0.402322  0.388830  -0.915498 144
0.245997  0.533801  -0.969271 235
0.320944  0.699374  -0.947098 106


0.471397  1.000000  -0.881921 6
0.500435  0.832025  -0.865774 216
0.471544  0.758479  -0.881842 109
0.382683  1.000000  -0.923880 5
0.471397  1.000000  -0.881921 6


0.575022  0.879290  -0.818138 108
0.500435  0.832025  -0.865774 216
0.471397  1.000000  -0.881921 6
0.555570  1.000000  -0.831470 7
0.575022  0.879290  -0.818138 108


0.471544  0.758479  -0.881842 109
0.500435  0.832025  -0.865774 216
0.575022  0.879290  -0.818138 108
0.602400  0.858446  -0.798194 271
0.471544  0.758479  -0.881842 109


0.799827  0.786636  -0.600230 111
0.774185  0.819221  -0.632960 217
0.773010  1.000000  -0.634393 10
0.831470  1.000000  -0.555570 11
0.799827  0.786636  -0.600230 111


0.799827  0.786636  -0.600230 111
0.826297  0.460529  -0.563235 86
0.655444  0.485168  -0.755244 173
0.700711  0.663610  -0.713446 252
0.799827  0.786636  -0.600230 111


0.773010  1.000000  -0.634393 10
0.774185  0.819221  -0.632960 217
0.751680  0.813291  -0.659528 110
0.707107  1.000000  -0.707107 9
0.773010  1.000000  -0.634393 10


0.881921  1.000000  -0.471397 12
0.842979  0.820729  -0.537947 218
0.799827  0.786636  -0.600230 111
0.831470  1.000000  -0.555570 11
0.881921  1.000000  -0.471397 12


0.912311  0.754393  -0.409498 112
0.842979  0.820729  -0.537947 218
0.881921  1.000000  -0.471397 12
0.923880  1.000000  -0.382683 13
0.912311  0.754393  -0.409498 112


0.842979  0.820729  -0.537947 218
0.912311  0.754393  -0.409498 112
0.922273  0.692182  -0.386538 220
0.897658  0.659177  -0.440693 114
0.842979  0.820729  -0.537947 218


0.471544  0.758479  -0.881842 109
0.354004  0.846312  -0.935244 219
0.290285  1.000000  -0.956940 4
0.382683  1.000000  -0.923880 5
0.471544  0.758479  -0.881842 109


0.320944  0.699374  -0.947098 106
0.354004  0.846312  -0.935244 219
0.471544  0.758479  -0.881842 109
0.474392  0.663542  -0.880314 90
0.320944  0.699374  -0.947098 106


0.354004  0.846312  -0.935244 219
0.320944  0.699374  -0.947098 106
0.158039  0.811724  -0.987433 215
0.238433  0.894946  -0.971159 105
0.354004  0.846312  -0.935244 219


0.897658  0.659177  -0.440693 114
0.826297  0.460529  -0.563235 86
0.799827  0.786636  -0.600230 111
0.842979  0.820729  -0.537947 218
0.897658  0.659177  -0.440693 114


0.912311  0.754393  -0.409498 112
0.923880  1.000000  -0.382683 13
0.956940  1.000000  -0.290285 14
0.983088  0.809447  -0.183132 221
0.912311  0.754393  -0.409498 112


0.922273  0.692182  -0.386538 220
0.977278  0.703232  -0.211960 113
0.995479  0.573169  -0.094981 91
0.966621  0.259223  -0.256210 192
0.922273  0.692182  -0.386538 220


0.990303  0.848978  -0.138927 115
0.983088  0.809447  -0.183132 221
0.956940  1.000000  -0.290285 14
0.980785  1.000000  -0.195090 15
0.990303  0.848978  -0.138927 115


0.977278  0.703232  -0.211960 113
0.983088  0.809447  -0.183132 221
0.990303  0.848978  -0.138927 115
0.996644  0.830042  -0.081856 250
0.977278  0.703232  -0.211960 113


0.983088  0.809447  -0.183132 221
0.977278  0.703232  -0.211960 113
0.922273  0.692182  -0.386538 220
0.912311  0.754393  -0.409498 112
0.983088  0.809447  -0.183132 221


0.956940  1.000000  0.290285 20
0.966170  0.719729  0.257905 222
0.979451  0.658568  0.201682 117
0.980785  1.000000  0.195090 19
0.956940  1.000000  0.290285 20


0.940709  0.710872  0.339215 116
0.966170  0.719729  0.257905 222
0.956940  1.000000  0.290285 20
0.923880  1.000000  0.382683 21
0.940709  0.710872  0.339215 116


0.966170  0.719729  0.257905 222
0.940709  0.710872  0.339215 116
0.922997  0.646298  0.384807 254
0.936009  0.443033  0.351975 178
0.966170  0.719729  0.257905 222


0.773010  1.000000  0.634393 24
0.757264  0.822315  0.653108 223
0.809855  0.795607  0.586631 119
0.831470  1.000000  0.555570 23
0.773010  1.000000  0.634393 24


0.728348  0.850934  0.685207 118
0.757264  0.822315  0.653108 223
0.773010  1.000000  0.634393 24
0.707107  1.000000  0.707107 25
0.728348  0.850934  0.685207 118


0.728348  0.850934  0.685207 118
0.633177  0.958291  0.774007 224
0.437801  0.785070  0.899072 166
0.484470  0.708814  0.874808 248
0.728348  0.850934  0.685207 118


0.634393  1.000000  0.773010 26
0.633177  0.958291  0.774007 224
0.728348  0.850934  0.685207 118
0.707107  1.000000  0.707107 25
0.634393  1.000000  0.773010 26


0.633177  0.958291  0.774007 224
0.634393  1.000000  0.773010 26
0.555570  1.000000  0.831470 27
0.437801  0.785070  0.899072 166
0.633177  0.958291  0.774007 224


0.689026  0.710091  0.724737 120
0.809022  0.602490  0.587778 88
0.809855  0.795607  0.586631 119
0.757264  0.822315  0.653108 223
0.689026  0.710091  0.724737 120


0.000000  0.250000  1.000000 36
0.096025  0.293679  0.995379 225
0.152792  0.516985  0.988258 122
0.000000  0.500000  1.000000 35
0.000000  0.250000  1.000000 36


0.142341  0.133062  0.989818 121
0.096025  0.293679  0.995379 225
0.000000  0.250000  1.000000 36
0.000000  0.000000  1.000000 37
0.142341  0.133062  0.989818 121


0.152792  0.516985  0.988258 122
0.096025  0.293679  0.995379 225
0.142341  0.133062  0.989818 121
0.292927  0.231728  0.956135 261
0.152792  0.516985  0.988258 122


0.828025  -0.771418  0.560692 124
0.768088  -0.833268  0.640344 226
0.773010  -1.000000  0.634393 50
0.831470  -1.000000  0.555570 51
0.828025  -0.771418  0.560692 124


0.768088  -0.833268  0.640344 226
0.828025  -0.771418  0.560692 124
0.816985  -0.538055  0.576659 89
0.731669  -0.570895  0.681660 162
0.768088  -0.833268  0.640344 226


0.773010  -1.000000  0.634393 50
0.768088  -0.833268  0.640344 226
0.733523  -0.856205  0.679664 123
0.707107  -1.000000  0.707107 49
0.773010  -1.000000  0.634393 50


0.985733  0.150776  0.168318 127
0.979408  0.141818  0.201892 227
0.962075  0.006289  0.272783 126
0.979175  -0.108498  0.203016 251
0.985733  0.150776  0.168318 127


0.968461  0.231111  0.249165 125
0.979408  0.141818  0.201892 227
0.985733  0.150776  0.168318 127
0.999459  0.271132  0.032896 267
0.968461  0.231111  0.249165 125


0.962075  0.006289  0.272783 126
0.979408  0.141818  0.201892 227
0.968461  0.231111  0.249165 125
0.938838  0.149252  0.344360 284
0.962075  0.006289  0.272783 126


0.999721  -0.432905  0.023620 130
0.999876  -0.536680  0.015754 228
0.997034  -0.764778  -0.076960 129
0.985046  -0.467477  -0.172294 87
0.999721  -0.432905  0.023620 130


0.999721  -0.432905  0.023620 130
0.991801  -0.320180  0.127796 98
0.951806  -0.616565  0.306699 188
0.956671  -0.656818  0.291171 268
0.999721  -0.432905  0.023620 130


0.997034  -0.764778  -0.076960 129
0.999876  -0.536680  0.015754 228
0.999905  -0.688760  0.013795 128
1.000000  -1.000000  0.000000 57
0.997034  -0.764778  -0.076960 129


0.995185  -1.000000  0.098017 56
0.994449  -0.768309  0.105218 229
0.975135  -0.695764  0.221610 131
0.980785  -1.000000  0.195090 55
0.995185  -1.000000  0.098017 56


0.999905  -0.688760  0.013795 128
0.994449  -0.768309  0.105218 229
0.995185  -1.000000  0.098017 56
1.000000  -1.000000  0.000000 57
0.999905  -0.688760  0.013795 128


0.975135  -0.695764  0.221610 131
0.994449  -0.768309  0.105218 229
0.999905  -0.688760  0.013795 128
0.999876  -0.536680  0.015754 228
0.975135  -0.695764  0.221610 131


0.960251  -0.741123  -0.279136 134
0.936816  -0.615623  -0.349822 230
0.948369  -0.406131  -0.317170 133
0.985046  -0.467477  -0.172294 87
0.960251  -0.741123  -0.279136 134


0.894308  -0.775194  -0.447451 132
0.936816  -0.615623  -0.349822 230
0.960251  -0.741123  -0.279136 134
0.963686  -0.828182  -0.267040 265
0.894308  -0.775194  -0.447451 132


0.948369  -0.406131  -0.317170 133
0.936816  -0.615623  -0.349822 230
0.894308  -0.775194  -0.447451 132
0.878041  -0.771512  -0.478585 264
0.948369  -0.406131  -0.317170 133


0.773010  -1.000000  -0.634393 64
0.776976  -0.755415  -0.629530 231
0.806125  -0.724987  -0.591746 136
0.831470  -1.000000  -0.555570 63
0.773010  -1.000000  -0.634393 64


0.724772  -0.738035  -0.688989 135
0.776976  -0.755415  -0.629530 231
0.773010  -1.000000  -0.634393 64
0.707107  -1.000000  -0.707107 65
0.724772  -0.738035  -0.688989 135


0.806125  -0.724987  -0.591746 136
0.776976  -0.755415  -0.629530 231
0.724772  -0.738035  -0.688989 135
0.696481  -0.587766  -0.717575 233
0.806125  -0.724987  -0.591746 136


0.512177  -0.765517  -0.858880 138
0.619658  -0.723323  -0.784872 232
0.634393  -1.000000  -0.773010 66
0.555570  -1.000000  -0.831470 67
0.512177  -0.765517  -0.858880 138


0.588942  -0.601485  -0.808175 137
0.619658  -0.723323  -0.784872 232
0.512177  -0.765517  -0.858880 138
0.493754  -0.696541  -0.869601 282
0.588942  -0.601485  -0.808175 137


0.619658  -0.723323  -0.784872 232
0.588942  -0.601485  -0.808175 137
0.696481  -0.587766  -0.717575 233
0.724772  -0.738035  -0.688989 135
0.619658  -0.723323  -0.784872 232


0.726486  -0.414369  -0.687181 139
0.696481  -0.587766  -0.717575 233
0.588942  -0.601485  -0.808175 137
0.573858  -0.427418  -0.818955 92
0.726486  -0.414369  -0.687181 139


0.696481  -0.587766  -0.717575 233
0.726486  -0.414369  -0.687181 139
0.839142  -0.362725  -0.543913 95
0.806125  -0.724987  -0.591746 136
0.696481  -0.587766  -0.717575 233


0.724772  -0.738035  -0.688989 135
0.707107  -1.000000  -0.707107 65
0.634393  -1.000000  -0.773010 66
0.619658  -0.723323  -0.784872 232
0.724772  -0.738035  -0.688989 135


0.689536  -0.046400  -0.724251 142
0.599371  -0.163438  -0.800471 234
0.513100  -0.063936  -0.858329 141
0.607846  0.041623  -0.794055 81
0.689536  -0.046400  -0.724251 142


0.599371  -0.163438  -0.800471 234
0.689536  -0.046400  -0.724251 142
0.725234  -0.163813  -0.688502 99
0.638345  -0.252660  -0.769750 203
0.599371  -0.163438  -0.800471 234


0.513100  -0.063936  -0.858329 141
0.599371  -0.163438  -0.800471 234
0.560981  -0.191242  -0.827829 140
0.414186  -0.195037  -0.910192 96
0.513100  -0.063936  -0.858329 141


0.245997  0.533801  -0.969271 235
0.199428  0.563473  -0.979913 107
0.158039  0.811724  -0.987433 215
0.320944  0.699374  -0.947098 106
0.245997  0.533801  -0.969271 235


0.257598  0.287593  -0.966252 143
0.245997  0.533801  -0.969271 235
0.402322  0.388830  -0.915498 144
0.406558  0.143359  -0.913625 176
0.257598  0.287593  -0.966252 143


0.199428  0.563473  -0.979913 107
0.245997  0.533801  -0.969271 235
0.257598  0.287593  -0.966252 143
0.128935  0.223077  -0.991653 292
0.199428  0.563473  -0.979913 107


0.356008  -0.301113  -0.934483 147
0.262722  -0.257664  -0.964872 236
0.314713  -0.168205  -0.949187 146
0.414186  -0.195037  -0.910192 96
0.356008  -0.301113  -0.934483 147


0.356008  -0.301113  -0.934483 147
0.352023  -0.514659  -0.935991 104
0.222544  -0.661592  -0.974923 148
0.167845  -0.582788  -0.985813 237
0.356008  -0.301113  -0.934483 147


0.158139  -0.149905  -0.987417 145
0.000000  0.000000  -1.000000 77
0.206082  0.016773  -0.978535 206
0.239114  -0.090346  -0.970991 283
0.158139  -0.149905  -0.987417 145


0.144901  -0.388128  -0.989446 150
0.167845  -0.582788  -0.985813 237
0.098017  -0.750000  -0.995185 149
0.000000  -0.500000  -1.000000 75
0.144901  -0.388128  -0.989446 150


0.167845  -0.582788  -0.985813 237
0.144901  -0.388128  -0.989446 150
0.262722  -0.257664  -0.964872 236
0.356008  -0.301113  -0.934483 147
0.167845  -0.582788  -0.985813 237


0.098017  -0.750000  -0.995185 149
0.167845  -0.582788  -0.985813 237
0.222544  -0.661592  -0.974923 148
0.195090  -1.000000  -0.980785 71
0.098017  -0.750000  -0.995185 149


0.098017  -0.750000  -0.995185 149
0.065403  -0.833333  -0.997859 238
0.000000  -0.750000  -1.000000 74
0.000000  -0.500000  -1.000000 75
0.098017  -0.750000  -0.995185 149


0.098017  -1.000000  -0.995185 72
0.065403  -0.833333  -0.997859 238
0.098017  -0.750000  -0.995185 149
0.195090  -1.000000  -0.980785 71
0.098017  -1.000000  -0.995185 72


0.000000  -0.750000  -1.000000 74
0.065403  -0.833333  -0.997859 238
0.098017  -1.000000  -0.995185 72
0.000000  -1.000000  -1.000000 73
0.000000  -0.750000  -1.000000 74


0.152792  0.516985  0.988258 122
0.153339  0.606991  0.988174 239
0.098017  0.750000  0.995185 152
0.000000  0.500000  1.000000 35
0.152792  0.516985  0.988258 122


0.153339  0.606991  0.988174 239
0.152792  0.516985  0.988258 122
0.292927  0.231728  0.956135 261
0.386147  0.315667  0.922437 159
0.153339  0.606991  0.988174 239


0.098017  0.750000  0.995185 152
0.153339  0.606991  0.988174 239
0.233178  0.700360  0.972434 151
0.195090  1.000000  0.980785 31
0.098017  0.750000  0.995185 152


0.098017  0.750000  0.995185 152
0.065403  0.833333  0.997859 240
0.000000  0.750000  1.000000 34
0.000000  0.500000  1.000000 35
0.098017  0.750000  0.995185 152


0.098017  1.000000  0.995185 32
0.065403  0.833333  0.997859 240
0.098017  0.750000  0.995185 152
0.195090  1.000000  0.980785 31
0.098017  1.000000  0.995185 32


0.000000  0.750000  1.000000 34
0.065403  0.833333  0.997859 240
0.098017  1.000000  0.995185 32
0.000000  1.000000  1.000000 33
0.000000  0.750000  1.000000 34


0.290285  1.000000  0.956940 30
0.290285  0.833333  0.956940 241
0.341161  0.758584  0.940005 153
0.382683  1.000000  0.923880 29
0.290285  1.000000  0.956940 30


0.233178  0.700360  0.972434 151
0.290285  0.833333  0.956940 241
0.290285  1.000000  0.956940 30
0.195090  1.000000  0.980785 31
0.233178  0.700360  0.972434 151


0.341161  0.758584  0.940005 153
0.290285  0.833333  0.956940 241
0.233178  0.700360  0.972434 151
0.336170  0.659065  0.941801 83
0.341161  0.758584  0.940005 153


0.140958  -0.729072  0.990016 259
0.098017  -1.000000  0.995185 42
0.195090  -1.000000  0.980785 43
0.233475  -0.828386  0.972363 155
0.140958  -0.729072  0.990016 259


0.415834  -0.891351  0.909440 156
0.306090  -0.814842  0.952003 243
0.290285  -1.000000  0.956940 44
0.382683  -1.000000  0.923880 45
0.415834  -0.891351  0.909440 156


0.415834  -0.891351  0.909440 156
0.456304  -0.877278  0.889824 244
0.189354  -0.297622  0.981909 168
0.075214  -0.325880  0.997167 249
0.415834  -0.891351  0.909440 156


0.290285  -1.000000  0.956940 44
0.306090  -0.814842  0.952003 243
0.233475  -0.828386  0.972363 155
0.195090  -1.000000  0.980785 43
0.290285  -1.000000  0.956940 44


0.675218  -0.850783  0.737618 157
0.456304  -0.877278  0.889824 244
0.471397  -1.000000  0.881921 46
0.555570  -1.000000  0.831470 47
0.675218  -0.850783  0.737618 157


0.791135  -0.185185  -0.611642 288
0.821691  -0.114164  -0.569933 210
0.874435  -0.106112  -0.485143 296
0.841991  -0.187371  -0.539491 84
0.791135  -0.185185  -0.611642 288


0.471397  -1.000000  0.881921 46
0.456304  -0.877278  0.889824 244
0.415834  -0.891351  0.909440 156
0.382683  -1.000000  0.923880 45
0.471397  -1.000000  0.881921 46


0.734056  0.318243  0.679088 160
0.572871  0.446637  0.819646 245
0.386147  0.315667  0.922437 159
0.631968  -0.024176  0.774994 85
0.734056  0.318243  0.679088 160


0.572871  0.446637  0.819646 245
0.734056  0.318243  0.679088 160
0.809022  0.602490  0.587778 88
0.689026  0.710091  0.724737 120
0.572871  0.446637  0.819646 245


0.386147  0.315667  0.922437 159
0.572871  0.446637  0.819646 245
0.446751  0.667172  0.894658 158
0.336170  0.659065  0.941801 83
0.386147  0.315667  0.922437 159


0.675218  -0.850783  0.737618 157
0.555570  -1.000000  0.831470 47
0.634393  -1.000000  0.773010 48
0.698718  -0.838237  0.715397 258
0.675218  -0.850783  0.737618 157


0.731669  -0.570895  0.681660 162
0.816985  -0.538055  0.576659 89
0.784389  -0.326521  0.620269 199
0.711683  -0.260696  0.702501 278
0.731669  -0.570895  0.681660 162


0.675218  -0.850783  0.737618 157
0.600189  -0.610426  0.799858 246
0.489727  -0.481585  0.871876 161
0.456304  -0.877278  0.889824 244
0.675218  -0.850783  0.737618 157


0.819717  0.034536  0.572768 247
0.850773  0.133733  0.525533 164
0.822472  0.315865  0.568805 285
0.734056  0.318243  0.679088 160
0.819717  0.034536  0.572768 247


0.870087  0.000000  0.492898 163
0.819717  0.034536  0.572768 247
0.780971  -0.055495  0.624568 165
0.870087  -0.166667  0.492898 94
0.870087  0.000000  0.492898 163


0.850773  0.133733  0.525533 164
0.819717  0.034536  0.572768 247
0.870087  0.000000  0.492898 163
0.877531  0.129782  0.479520 97
0.850773  0.133733  0.525533 164


0.484470  0.708814  0.874808 248
0.689026  0.710091  0.724737 120
0.757264  0.822315  0.653108 223
0.728348  0.850934  0.685207 118
0.484470  0.708814  0.874808 248


0.446751  0.667172  0.894658 158
0.484470  0.708814  0.874808 248
0.437801  0.785070  0.899072 166
0.400715  0.816016  0.916203 256
0.446751  0.667172  0.894658 158


0.689026  0.710091  0.724737 120
0.484470  0.708814  0.874808 248
0.446751  0.667172  0.894658 158
0.572871  0.446637  0.819646 245
0.689026  0.710091  0.724737 120


0.189354  -0.297622  0.981909 168
0.281863  -0.237348  0.959455 260
0.142341  0.133062  0.989818 121
0.000000  0.000000  1.000000 37
0.189354  -0.297622  0.981909 168


0.162467  -0.641824  0.986714 167
0.075214  -0.325880  0.997167 249
0.000000  -0.250000  1.000000 38
0.000000  -0.500000  1.000000 39
0.162467  -0.641824  0.986714 167


0.075214  -0.325880  0.997167 249
0.162467  -0.641824  0.986714 167
0.306090  -0.814842  0.952003 243
0.415834  -0.891351  0.909440 156
0.075214  -0.325880  0.997167 249


0.995185  1.000000  -0.098017 16
0.996644  0.830042  -0.081856 250
0.990303  0.848978  -0.138927 115
0.980785  1.000000  -0.195090 15
0.995185  1.000000  -0.098017 16


0.999840  0.793648  0.017904 169
0.996644  0.830042  -0.081856 250
0.995185  1.000000  -0.098017 16
1.000000  1.000000  0.000000 17
0.999840  0.793648  0.017904 169


0.996644  0.830042  -0.081856 250
0.999840  0.793648  0.017904 169
0.995479  0.573169  -0.094981 91
0.977278  0.703232  -0.211960 113
0.996644  0.830042  -0.081856 250


0.979175  -0.108498  0.203016 251
0.991338  -0.165406  0.131335 171
0.994619  0.009681  0.103604 82
0.985733  0.150776  0.168318 127
0.979175  -0.108498  0.203016 251


0.961131  -0.146537  0.276092 170
0.979175  -0.108498  0.203016 251
0.962075  0.006289  0.272783 126
0.942382  -0.024048  0.334537 102
0.961131  -0.146537  0.276092 170


0.991338  -0.165406  0.131335 171
0.979175  -0.108498  0.203016 251
0.961131  -0.146537  0.276092 170
0.991801  -0.320180  0.127796 98
0.991338  -0.165406  0.131335 171


0.700711  0.663610  -0.713446 252
0.751680  0.813291  -0.659528 110
0.774185  0.819221  -0.632960 217
0.799827  0.786636  -0.600230 111
0.700711  0.663610  -0.713446 252


0.611169  0.750495  -0.791500 172
0.700711  0.663610  -0.713446 252
0.655444  0.485168  -0.755244 173
0.474392  0.663542  -0.880314 90
0.611169  0.750495  -0.791500 172


0.751680  0.813291  -0.659528 110
0.700711  0.663610  -0.713446 252
0.611169  0.750495  -0.791500 172
0.707107  1.000000  -0.707107 9
0.751680  0.813291  -0.659528 110


0.664878  0.174586  -0.746952 183
0.692525  0.175615  -0.721393 253
0.758051  0.056055  -0.652196 175
0.710813  -0.050982  -0.703381 297
0.664878  0.174586  -0.746952 183


0.352714  -0.033146  -0.935731 190
0.250700  0.042552  -0.968065 101
0.257598  0.287593  -0.966252 143
0.406558  0.143359  -0.913625 176
0.352714  -0.033146  -0.935731 190


0.758051  0.056055  -0.652196 175
0.692525  0.175615  -0.721393 253
0.699908  0.217665  -0.714233 174
0.796264  0.192788  -0.604949 263
0.758051  0.056055  -0.652196 175


0.922997  0.646298  0.384807 254
0.894372  0.681797  0.447323 177
0.809022  0.602490  0.587778 88
0.865151  0.380800  0.501512 209
0.922997  0.646298  0.384807 254


0.936009  0.443033  0.351975 178
0.967246  0.341733  0.253842 100
0.979451  0.658568  0.201682 117
0.966170  0.719729  0.257905 222
0.936009  0.443033  0.351975 178


0.940709  0.710872  0.339215 116
0.923880  1.000000  0.382683 21
0.881921  1.000000  0.471397 22
0.878964  0.839904  0.476888 266
0.940709  0.710872  0.339215 116


0.974811  -0.853440  -0.223034 179
0.982971  -0.833327  -0.183762 255
0.995185  -1.000000  -0.098017 58
0.980785  -1.000000  -0.195090 59
0.974811  -0.853440  -0.223034 179


0.982971  -0.833327  -0.183762 255
0.974811  -0.853440  -0.223034 179
0.963686  -0.828182  -0.267040 265
0.960251  -0.741123  -0.279136 134
0.982971  -0.833327  -0.183762 255


0.995185  -1.000000  -0.098017 58
0.982971  -0.833327  -0.183762 255
0.997034  -0.764778  -0.076960 129
1.000000  -1.000000  0.000000 57
0.995185  -1.000000  -0.098017 58


0.471397  1.000000  0.881921 28
0.400715  0.816016  0.916203 256
0.437801  0.785070  0.899072 166
0.555570  1.000000  0.831470 27
0.471397  1.000000  0.881921 28


0.341161  0.758584  0.940005 153
0.400715  0.816016  0.916203 256
0.471397  1.000000  0.881921 28
0.382683  1.000000  0.923880 29
0.341161  0.758584  0.940005 153


0.400715  0.816016  0.916203 256
0.341161  0.758584  0.940005 153
0.336170  0.659065  0.941801 83
0.446751  0.667172  0.894658 158
0.400715  0.816016  0.916203 256


0.557082  -0.331014  0.830458 257
0.645873  -0.341784  0.763445 180
0.631968  -0.024176  0.774994 85
0.388031  -0.058768  0.921646 182
0.557082  -0.331014  0.830458 257


0.489727  -0.481585  0.871876 161
0.557082  -0.331014  0.830458 257
0.388031  -0.058768  0.921646 182
0.281863  -0.237348  0.959455 260
0.489727  -0.481585  0.871876 161


0.645873  -0.341784  0.763445 180
0.557082  -0.331014  0.830458 257
0.489727  -0.481585  0.871876 161
0.600189  -0.610426  0.799858 246
0.645873  -0.341784  0.763445 180


0.733523  -0.856205  0.679664 123
0.698718  -0.838237  0.715397 258
0.634393  -1.000000  0.773010 48
0.707107  -1.000000  0.707107 49
0.733523  -0.856205  0.679664 123


0.731669  -0.570895  0.681660 162
0.698718  -0.838237  0.715397 258
0.733523  -0.856205  0.679664 123
0.768088  -0.833268  0.640344 226
0.731669  -0.570895  0.681660 162


0.698718  -0.838237  0.715397 258
0.731669  -0.570895  0.681660 162
0.600189  -0.610426  0.799858 246
0.675218  -0.850783  0.737618 157
0.698718  -0.838237  0.715397 258


0.140958  -0.729072  0.990016 259
0.162467  -0.641824  0.986714 167
0.000000  -0.500000  1.000000 39
0.000000  -0.750000  1.000000 40
0.140958  -0.729072  0.990016 259


0.140958  -0.729072  0.990016 259
0.000000  -0.750000  1.000000 40
0.000000  -1.000000  1.000000 41
0.098017  -1.000000  0.995185 42
0.140958  -0.729072  0.990016 259


0.162467  -0.641824  0.986714 167
0.140958  -0.729072  0.990016 259
0.233475  -0.828386  0.972363 155
0.306090  -0.814842  0.952003 243
0.162467  -0.641824  0.986714 167


0.281863  -0.237348  0.959455 260
0.388031  -0.058768  0.921646 182
0.292927  0.231728  0.956135 261
0.142341  0.133062  0.989818 121
0.281863  -0.237348  0.959455 260


0.281863  -0.237348  0.959455 260
0.189354  -0.297622  0.981909 168
0.456304  -0.877278  0.889824 244
0.489727  -0.481585  0.871876 161
0.281863  -0.237348  0.959455 260


0.386147  0.315667  0.922437 159
0.336170  0.659065  0.941801 83
0.233178  0.700360  0.972434 151
0.153339  0.606991  0.988174 239
0.386147  0.315667  0.922437 159


0.000000  0.000000  1.000000 37
0.000000  -0.250000  1.000000 38
0.075214  -0.325880  0.997167 249
0.189354  -0.297622  0.981909 168
0.000000  0.000000  1.000000 37


0.386147  0.315667  0.922437 159
0.292927  0.231728  0.956135 261
0.388031  -0.058768  0.921646 182
0.631968  -0.024176  0.774994 85
0.386147  0.315667  0.922437 159


0.664878  0.174586  -0.746952 183
0.697565  0.247644  -0.716522 262
0.699908  0.217665  -0.714233 174
0.692525  0.175615  -0.721393 253
0.664878  0.174586  -0.746952 183


0.655444  0.485168  -0.755244 173
0.697565  0.247644  -0.716522 262
0.664878  0.174586  -0.746952 183
0.502603  0.273503  -0.864517 293
0.655444  0.485168  -0.755244 173


0.697565  0.247644  -0.716522 262
0.655444  0.485168  -0.755244 173
0.826297  0.460529  -0.563235 86
0.861278  0.325402  -0.508133 184
0.697565  0.247644  -0.716522 262


0.838165  -0.012958  -0.545417 185
0.796264  0.192788  -0.604949 263
0.861278  0.325402  -0.508133 184
0.924169  0.266078  -0.381984 277
0.838165  -0.012958  -0.545417 185


0.796264  0.192788  -0.604949 263
0.838165  -0.012958  -0.545417 185
0.807764  -0.060683  -0.589506 103
0.758051  0.056055  -0.652196 175
0.796264  0.192788  -0.604949 263


0.861278  0.325402  -0.508133 184
0.796264  0.192788  -0.604949 263
0.699908  0.217665  -0.714233 174
0.697565  0.247644  -0.716522 262
0.861278  0.325402  -0.508133 184


0.806125  -0.724987  -0.591746 136
0.878041  -0.771512  -0.478585 264
0.881921  -1.000000  -0.471397 62
0.831470  -1.000000  -0.555570 63
0.806125  -0.724987  -0.591746 136


0.878041  -0.771512  -0.478585 264
0.806125  -0.724987  -0.591746 136
0.839142  -0.362725  -0.543913 95
0.948369  -0.406131  -0.317170 133
0.878041  -0.771512  -0.478585 264


0.881921  -1.000000  -0.471397 62
0.878041  -0.771512  -0.478585 264
0.894308  -0.775194  -0.447451 132
0.923880  -1.000000  -0.382683 61
0.881921  -1.000000  -0.471397 62


0.956940  -1.000000  -0.290285 60
0.963686  -0.828182  -0.267040 265
0.974811  -0.853440  -0.223034 179
0.980785  -1.000000  -0.195090 59
0.956940  -1.000000  -0.290285 60


0.963686  -0.828182  -0.267040 265
0.956940  -1.000000  -0.290285 60
0.923880  -1.000000  -0.382683 61
0.894308  -0.775194  -0.447451 132
0.963686  -0.828182  -0.267040 265


0.960251  -0.741123  -0.279136 134
0.985046  -0.467477  -0.172294 87
0.997034  -0.764778  -0.076960 129
0.982971  -0.833327  -0.183762 255
0.960251  -0.741123  -0.279136 134


0.878964  0.839904  0.476888 266
0.894372  0.681797  0.447323 177
0.922997  0.646298  0.384807 254
0.940709  0.710872  0.339215 116
0.878964  0.839904  0.476888 266


0.809855  0.795607  0.586631 119
0.878964  0.839904  0.476888 266
0.881921  1.000000  0.471397 22
0.831470  1.000000  0.555570 23
0.809855  0.795607  0.586631 119


0.894372  0.681797  0.447323 177
0.878964  0.839904  0.476888 266
0.809855  0.795607  0.586631 119
0.809022  0.602490  0.587778 88
0.894372  0.681797  0.447323 177


0.998374  0.196342  -0.056999 187
0.999459  0.271132  0.032896 267
0.985733  0.150776  0.168318 127
0.994619  0.009681  0.103604 82
0.998374  0.196342  -0.056999 187


0.994975  0.423766  0.100126 186
0.999459  0.271132  0.032896 267
0.998374  0.196342  -0.056999 187
0.995479  0.573169  -0.094981 91
0.994975  0.423766  0.100126 186


0.999459  0.271132  0.032896 267
0.994975  0.423766  0.100126 186
0.967246  0.341733  0.253842 100
0.968461  0.231111  0.249165 125
0.999459  0.271132  0.032896 267


0.975135  -0.695764  0.221610 131
0.956671  -0.656818  0.291171 268
0.956940  -1.000000  0.290285 54
0.980785  -1.000000  0.195090 55
0.975135  -0.695764  0.221610 131


0.956671  -0.656818  0.291171 268
0.975135  -0.695764  0.221610 131
0.999876  -0.536680  0.015754 228
0.999721  -0.432905  0.023620 130
0.956671  -0.656818  0.291171 268


0.956671  -0.656818  0.291171 268
0.951806  -0.616565  0.306699 188
0.911580  -0.638224  0.411123 286
0.896092  -0.710678  0.443869 189
0.956671  -0.656818  0.291171 268


0.881921  -1.000000  0.471397 52
0.864734  -0.710296  0.502231 269
0.828025  -0.771418  0.560692 124
0.831470  -1.000000  0.555570 51
0.881921  -1.000000  0.471397 52


0.896092  -0.710678  0.443869 189
0.864734  -0.710296  0.502231 269
0.881921  -1.000000  0.471397 52
0.923880  -1.000000  0.382683 53
0.896092  -0.710678  0.443869 189


0.864734  -0.710296  0.502231 269
0.896092  -0.710678  0.443869 189
0.911580  -0.638224  0.411123 286
0.862892  -0.513198  0.505389 201
0.864734  -0.710296  0.502231 269


0.513100  -0.063936  -0.858329 141
0.397080  -0.059745  -0.917784 270
0.521103  0.083333  -0.853494 191
0.607846  0.041623  -0.794055 81
0.513100  -0.063936  -0.858329 141


0.397080  -0.059745  -0.917784 270
0.513100  -0.063936  -0.858329 141
0.414186  -0.195037  -0.910192 96
0.314713  -0.168205  -0.949187 146
0.397080  -0.059745  -0.917784 270


0.521103  0.083333  -0.853494 191
0.397080  -0.059745  -0.917784 270
0.352714  -0.033146  -0.935731 190
0.406558  0.143359  -0.913625 176
0.521103  0.083333  -0.853494 191


0.634393  1.000000  -0.773010 8
0.602400  0.858446  -0.798194 271
0.575022  0.879290  -0.818138 108
0.555570  1.000000  -0.831470 7
0.634393  1.000000  -0.773010 8


0.611169  0.750495  -0.791500 172
0.602400  0.858446  -0.798194 271
0.634393  1.000000  -0.773010 8
0.707107  1.000000  -0.707107 9
0.611169  0.750495  -0.791500 172


0.602400  0.858446  -0.798194 271
0.611169  0.750495  -0.791500 172
0.474392  0.663542  -0.880314 90
0.471544  0.758479  -0.881842 109
0.602400  0.858446  -0.798194 271


0.990446  0.148974  -0.137901 272
0.998374  0.196342  -0.056999 187
0.994619  0.009681  0.103604 82
0.999711  -0.204122  -0.024031 198
0.990446  0.148974  -0.137901 272


0.966621  0.259223  -0.256210 192
0.990446  0.148974  -0.137901 272
0.972790  0.002214  -0.231687 193
0.942414  -0.052692  -0.334447 93
0.966621  0.259223  -0.256210 192


0.998374  0.196342  -0.056999 187
0.990446  0.148974  -0.137901 272
0.966621  0.259223  -0.256210 192
0.995479  0.573169  -0.094981 91
0.998374  0.196342  -0.056999 187


0.995185  1.000000  0.098017 18
0.998566  0.811808  0.053541 273
0.999840  0.793648  0.017904 169
1.000000  1.000000  0.000000 17
0.995185  1.000000  0.098017 18


0.992982  0.769379  0.118269 194
0.998566  0.811808  0.053541 273
0.995185  1.000000  0.098017 18
0.980785  1.000000  0.195090 19
0.992982  0.769379  0.118269 194


0.999840  0.793648  0.017904 169
0.998566  0.811808  0.053541 273
0.992982  0.769379  0.118269 194
0.987170  0.606560  0.159671 290
0.999840  0.793648  0.017904 169


0.222544  -0.661592  -0.974923 148
0.319531  -0.760600  -0.947576 274
0.290285  -1.000000  -0.956940 70
0.195090  -1.000000  -0.980785 71
0.222544  -0.661592  -0.974923 148


0.410727  -0.664516  -0.911758 195
0.319531  -0.760600  -0.947576 274
0.222544  -0.661592  -0.974923 148
0.352023  -0.514659  -0.935991 104
0.410727  -0.664516  -0.911758 195


0.410727  -0.664516  -0.911758 195
0.493754  -0.696541  -0.869601 282
0.512177  -0.765517  -0.858880 138
0.458335  -0.779554  -0.888779 275
0.410727  -0.664516  -0.911758 195


0.471397  -1.000000  -0.881921 68
0.458335  -0.779554  -0.888779 275
0.512177  -0.765517  -0.858880 138
0.555570  -1.000000  -0.831470 67
0.471397  -1.000000  -0.881921 68


0.403767  -0.814874  -0.914862 196
0.458335  -0.779554  -0.888779 275
0.471397  -1.000000  -0.881921 68
0.382683  -1.000000  -0.923880 69
0.403767  -0.814874  -0.914862 196


0.458335  -0.779554  -0.888779 275
0.403767  -0.814874  -0.914862 196
0.319531  -0.760600  -0.947576 274
0.410727  -0.664516  -0.911758 195
0.458335  -0.779554  -0.888779 275


0.999711  -0.204122  -0.024031 198
0.984205  -0.173470  -0.177033 276
0.972790  0.002214  -0.231687 193
0.990446  0.148974  -0.137901 272
0.999711  -0.204122  -0.024031 198


0.978186  -0.229818  -0.207730 197
0.984205  -0.173470  -0.177033 276
0.999711  -0.204122  -0.024031 198
0.999865  -0.238969  -0.016432 287
0.978186  -0.229818  -0.207730 197


0.972790  0.002214  -0.231687 193
0.984205  -0.173470  -0.177033 276
0.978186  -0.229818  -0.207730 197
0.942414  -0.052692  -0.334447 93
0.972790  0.002214  -0.231687 193


0.897658  0.659177  -0.440693 114
0.924169  0.266078  -0.381984 277
0.861278  0.325402  -0.508133 184
0.826297  0.460529  -0.563235 86
0.897658  0.659177  -0.440693 114


0.966621  0.259223  -0.256210 192
0.924169  0.266078  -0.381984 277
0.897658  0.659177  -0.440693 114
0.922273  0.692182  -0.386538 220
0.966621  0.259223  -0.256210 192


0.924169  0.266078  -0.381984 277
0.966621  0.259223  -0.256210 192
0.942414  -0.052692  -0.334447 93
0.928371  -0.084379  -0.371655 204
0.924169  0.266078  -0.381984 277


0.645873  -0.341784  0.763445 180
0.711683  -0.260696  0.702501 278
0.780971  -0.055495  0.624568 165
0.631968  -0.024176  0.774994 85
0.645873  -0.341784  0.763445 180


0.711683  -0.260696  0.702501 278
0.645873  -0.341784  0.763445 180
0.600189  -0.610426  0.799858 246
0.731669  -0.570895  0.681660 162
0.711683  -0.260696  0.702501 278


0.780971  -0.055495  0.624568 165
0.711683  -0.260696  0.702501 278
0.784389  -0.326521  0.620269 199
0.870087  -0.166667  0.492898 94
0.780971  -0.055495  0.624568 165


0.862892  -0.513198  0.505389 201
0.857665  -0.349150  0.514209 279
0.784389  -0.326521  0.620269 199
0.816985  -0.538055  0.576659 89
0.862892  -0.513198  0.505389 201


0.868829  -0.342199  0.495113 200
0.857665  -0.349150  0.514209 279
0.862892  -0.513198  0.505389 201
0.911580  -0.638224  0.411123 286
0.868829  -0.342199  0.495113 200


0.784389  -0.326521  0.620269 199
0.857665  -0.349150  0.514209 279
0.868829  -0.342199  0.495113 200
0.870087  -0.166667  0.492898 94
0.784389  -0.326521  0.620269 199


0.688642  -0.342200  -0.725101 280
0.726486  -0.414369  -0.687181 139
0.573858  -0.427418  -0.818955 92
0.543648  -0.377950  -0.839313 212
0.688642  -0.342200  -0.725101 280


0.798307  -0.250000  -0.602251 202
0.688642  -0.342200  -0.725101 280
0.638345  -0.252660  -0.769750 203
0.725234  -0.163813  -0.688502 99
0.798307  -0.250000  -0.602251 202


0.726486  -0.414369  -0.687181 139
0.688642  -0.342200  -0.725101 280
0.798307  -0.250000  -0.602251 202
0.839142  -0.362725  -0.543913 95
0.726486  -0.414369  -0.687181 139


0.978186  -0.229818  -0.207730 197
0.948370  -0.269099  -0.317167 281
0.928371  -0.084379  -0.371655 204
0.942414  -0.052692  -0.334447 93
0.978186  -0.229818  -0.207730 197


0.948369  -0.406131  -0.317170 133
0.948370  -0.269099  -0.317167 281
0.978186  -0.229818  -0.207730 197
0.985046  -0.467477  -0.172294 87
0.948369  -0.406131  -0.317170 133


0.948370  -0.269099  -0.317167 281
0.948369  -0.406131  -0.317170 133
0.839142  -0.362725  -0.543913 95
0.841991  -0.187371  -0.539491 84
0.948370  -0.269099  -0.317167 281


0.493754  -0.696541  -0.869601 282
0.383694  -0.524005  -0.923460 205
0.573858  -0.427418  -0.818955 92
0.588942  -0.601485  -0.808175 137
0.493754  -0.696541  -0.869601 282


0.403767  -0.814874  -0.914862 196
0.382683  -1.000000  -0.923880 69
0.290285  -1.000000  -0.956940 70
0.319531  -0.760600  -0.947576 274
0.403767  -0.814874  -0.914862 196


0.383694  -0.524005  -0.923460 205
0.493754  -0.696541  -0.869601 282
0.410727  -0.664516  -0.911758 195
0.352023  -0.514659  -0.935991 104
0.383694  -0.524005  -0.923460 205


0.239114  -0.090346  -0.970991 283
0.314713  -0.168205  -0.949187 146
0.262722  -0.257664  -0.964872 236
0.158139  -0.149905  -0.987417 145
0.239114  -0.090346  -0.970991 283


0.352714  -0.033146  -0.935731 190
0.239114  -0.090346  -0.970991 283
0.206082  0.016773  -0.978535 206
0.250700  0.042552  -0.968065 101
0.352714  -0.033146  -0.935731 190


0.314713  -0.168205  -0.949187 146
0.239114  -0.090346  -0.970991 283
0.352714  -0.033146  -0.935731 190
0.397080  -0.059745  -0.917784 270
0.314713  -0.168205  -0.949187 146


0.900511  0.091699  0.434833 208
0.938838  0.149252  0.344360 284
0.900460  0.247411  0.434940 207
0.877531  0.129782  0.479520 97
0.900511  0.091699  0.434833 208


0.938838  0.149252  0.344360 284
0.900511  0.091699  0.434833 208
0.942382  -0.024048  0.334537 102
0.962075  0.006289  0.272783 126
0.938838  0.149252  0.344360 284


0.968461  0.231111  0.249165 125
0.967246  0.341733  0.253842 100
0.936009  0.443033  0.351975 178
0.898599  0.331754  0.438771 291
0.968461  0.231111  0.249165 125


0.734056  0.318243  0.679088 160
0.822472  0.315865  0.568805 285
0.865151  0.380800  0.501512 209
0.809022  0.602490  0.587778 88
0.734056  0.318243  0.679088 160


0.734056  0.318243  0.679088 160
0.631968  -0.024176  0.774994 85
0.780971  -0.055495  0.624568 165
0.819717  0.034536  0.572768 247
0.734056  0.318243  0.679088 160


0.822472  0.315865  0.568805 285
0.850773  0.133733  0.525533 164
0.877531  0.129782  0.479520 97
0.900460  0.247411  0.434940 207
0.822472  0.315865  0.568805 285


0.862892  -0.513198  0.505389 201
0.816985  -0.538055  0.576659 89
0.828025  -0.771418  0.560692 124
0.864734  -0.710296  0.502231 269
0.862892  -0.513198  0.505389 201


0.896092  -0.710678  0.443869 189
0.923880  -1.000000  0.382683 53
0.956940  -1.000000  0.290285 54
0.956671  -0.656818  0.291171 268
0.896092  -0.710678  0.443869 189


0.951806  -0.616565  0.306699 188
0.991801  -0.320180  0.127796 98
0.961131  -0.146537  0.276092 170
0.925632  -0.165915  0.378425 295
0.951806  -0.616565  0.306699 188


0.999865  -0.238969  -0.016432 287
0.999721  -0.432905  0.023620 130
0.985046  -0.467477  -0.172294 87
0.978186  -0.229818  -0.207730 197
0.999865  -0.238969  -0.016432 287


0.991338  -0.165406  0.131335 171
0.999865  -0.238969  -0.016432 287
0.999711  -0.204122  -0.024031 198
0.994619  0.009681  0.103604 82
0.991338  -0.165406  0.131335 171


0.999721  -0.432905  0.023620 130
0.999865  -0.238969  -0.016432 287
0.991338  -0.165406  0.131335 171
0.991801  -0.320180  0.127796 98
0.999721  -0.432905  0.023620 130


0.748232  -0.111111  -0.663437 211
0.791135  -0.185185  -0.611642 288
0.798307  -0.250000  -0.602251 202
0.725234  -0.163813  -0.688502 99
0.748232  -0.111111  -0.663437 211


0.821691  -0.114164  -0.569933 210
0.791135  -0.185185  -0.611642 288
0.748232  -0.111111  -0.663437 211
0.807764  -0.060683  -0.589506 103
0.821691  -0.114164  -0.569933 210


0.798307  -0.250000  -0.602251 202
0.791135  -0.185185  -0.611642 288
0.841991  -0.187371  -0.539491 84
0.839142  -0.362725  -0.543913 95
0.798307  -0.250000  -0.602251 202


0.543648  -0.377950  -0.839313 212
0.598796  -0.263976  -0.800902 289
0.638345  -0.252660  -0.769750 203
0.688642  -0.342200  -0.725101 280
0.543648  -0.377950  -0.839313 212


0.560981  -0.191242  -0.827829 140
0.598796  -0.263976  -0.800902 289
0.543648  -0.377950  -0.839313 212
0.396708  -0.305489  -0.917945 299
0.560981  -0.191242  -0.827829 140


0.638345  -0.252660  -0.769750 203
0.598796  -0.263976  -0.800902 289
0.560981  -0.191242  -0.827829 140
0.599371  -0.163438  -0.800471 234
0.638345  -0.252660  -0.769750 203


0.987170  0.606560  0.159671 290
0.994975  0.423766  0.100126 186
0.995479  0.573169  -0.094981 91
0.999840  0.793648  0.017904 169
0.987170  0.606560  0.159671 290


0.979451  0.658568  0.201682 117
0.987170  0.606560  0.159671 290
0.992982  0.769379  0.118269 194
0.980785  1.000000  0.195090 19
0.979451  0.658568  0.201682 117


0.994975  0.423766  0.100126 186
0.987170  0.606560  0.159671 290
0.979451  0.658568  0.201682 117
0.967246  0.341733  0.253842 100
0.994975  0.423766  0.100126 186


0.865151  0.380800  0.501512 209
0.898599  0.331754  0.438771 291
0.936009  0.443033  0.351975 178
0.922997  0.646298  0.384807 254
0.865151  0.380800  0.501512 209


0.900460  0.247411  0.434940 207
0.898599  0.331754  0.438771 291
0.865151  0.380800  0.501512 209
0.822472  0.315865  0.568805 285
0.900460  0.247411  0.434940 207


0.898599  0.331754  0.438771 291
0.900460  0.247411  0.434940 207
0.938838  0.149252  0.344360 284
0.968461  0.231111  0.249165 125
0.898599  0.331754  0.438771 291


0.000000  0.250000  -1.000000 78
0.128935  0.223077  -0.991653 292
0.206082  0.016773  -0.978535 206
0.000000  0.000000  -1.000000 77
0.000000  0.250000  -1.000000 78


0.128935  0.223077  -0.991653 292
0.000000  0.250000  -1.000000 78
0.000000  0.500000  -1.000000 79
0.199428  0.563473  -0.979913 107
0.128935  0.223077  -0.991653 292


0.206082  0.016773  -0.978535 206
0.128935  0.223077  -0.991653 292
0.257598  0.287593  -0.966252 143
0.250700  0.042552  -0.968065 101
0.206082  0.016773  -0.978535 206


0.502603  0.273503  -0.864517 293
0.402322  0.388830  -0.915498 144
0.474392  0.663542  -0.880314 90
0.655444  0.485168  -0.755244 173
0.502603  0.273503  -0.864517 293


0.521103  0.083333  -0.853494 191
0.502603  0.273503  -0.864517 293
0.664878  0.174586  -0.746952 183
0.607846  0.041623  -0.794055 81
0.521103  0.083333  -0.853494 191


0.402322  0.388830  -0.915498 144
0.502603  0.273503  -0.864517 293
0.521103  0.083333  -0.853494 191
0.406558  0.143359  -0.913625 176
0.402322  0.388830  -0.915498 144


0.870087  0.000000  0.492898 163
0.891995  0.000000  0.452046 294
0.900511  0.091699  0.434833 208
0.877531  0.129782  0.479520 97
0.870087  0.000000  0.492898 163


0.902233  -0.083333  0.431249 213
0.891995  0.000000  0.452046 294
0.870087  0.000000  0.492898 163
0.870087  -0.166667  0.492898 94
0.902233  -0.083333  0.431249 213


0.900511  0.091699  0.434833 208
0.891995  0.000000  0.452046 294
0.902233  -0.083333  0.431249 213
0.942382  -0.024048  0.334537 102
0.900511  0.091699  0.434833 208


0.868829  -0.342199  0.495113 200
0.925632  -0.165915  0.378425 295
0.902233  -0.083333  0.431249 213
0.870087  -0.166667  0.492898 94
0.868829  -0.342199  0.495113 200


0.925632  -0.165915  0.378425 295
0.868829  -0.342199  0.495113 200
0.911580  -0.638224  0.411123 286
0.951806  -0.616565  0.306699 188
0.925632  -0.165915  0.378425 295


0.902233  -0.083333  0.431249 213
0.925632  -0.165915  0.378425 295
0.961131  -0.146537  0.276092 170
0.942382  -0.024048  0.334537 102
0.902233  -0.083333  0.431249 213


0.928371  -0.084379  -0.371655 204
0.874435  -0.106112  -0.485143 296
0.838165  -0.012958  -0.545417 185
0.924169  0.266078  -0.381984 277
0.928371  -0.084379  -0.371655 204


0.841991  -0.187371  -0.539491 84
0.874435  -0.106112  -0.485143 296
0.928371  -0.084379  -0.371655 204
0.948370  -0.269099  -0.317167 281
0.841991  -0.187371  -0.539491 84


0.838165  -0.012958  -0.545417 185
0.874435  -0.106112  -0.485143 296
0.821691  -0.114164  -0.569933 210
0.807764  -0.060683  -0.589506 103
0.838165  -0.012958  -0.545417 185


0.689536  -0.046400  -0.724251 142
0.710813  -0.050982  -0.703381 297
0.748232  -0.111111  -0.663437 211
0.725234  -0.163813  -0.688502 99
0.689536  -0.046400  -0.724251 142


0.710813  -0.050982  -0.703381 297
0.689536  -0.046400  -0.724251 142
0.607846  0.041623  -0.794055 81
0.664878  0.174586  -0.746952 183
0.710813  -0.050982  -0.703381 297


0.748232  -0.111111  -0.663437 211
0.710813  -0.050982  -0.703381 297
0.758051  0.056055  -0.652196 175
0.807764  -0.060683  -0.589506 103
0.748232  -0.111111  -0.663437 211


0.000000  -0.250000  -1.000000 76
0.107401  -0.296889  -0.994216 298
0.144901  -0.388128  -0.989446 150
0.000000  -0.500000  -1.000000 75
0.000000  -0.250000  -1.000000 76


0.158139  -0.149905  -0.987417 145
0.107401  -0.296889  -0.994216 298
0.000000  -0.250000  -1.000000 76
0.000000  0.000000  -1.000000 77
0.158139  -0.149905  -0.987417 145


0.144901  -0.388128  -0.989446 150
0.107401  -0.296889  -0.994216 298
0.158139  -0.149905  -0.987417 145
0.262722  -0.257664  -0.964872 236
0.144901  -0.388128  -0.989446 150


0.396708  -0.305489  -0.917945 299
0.356008  -0.301113  -0.934483 147
0.414186  -0.195037  -0.910192 96
0.560981  -0.191242  -0.827829 140
0.396708  -0.305489  -0.917945 299


0.383694  -0.524005  -0.923460 205
0.396708  -0.305489  -0.917945 299
0.543648  -0.377950  -0.839313 212
0.573858  -0.427418  -0.818955 92
0.383694  -0.524005  -0.923460 205


0.356008  -0.301113  -0.934483 147
0.396708  -0.305489  -0.917945 299
0.383694  -0.524005  -0.923460 205
0.352023  -0.514659  -0.935991 104
0.356008  -0.301113  -0.934483 147


